官员 0.241620 -0.142314 0.344504 0.210179 0.321838 0.172875 -0.102775 -0.101637 0.057939 -0.072798 -0.111378 0.215684 0.061134 0.158876 -0.161896 -0.119062 -0.125973 0.150699 -0.160600 0.098095 -0.273453 0.151519 0.099909 0.
183265 -0.117695 0.042969 -0.087249 -0.203343 0.264538 0.028536 0.190461 0.291654 0.246077 0.150965 -0.112440 0.054586 0.026756 0.187987 -0.127364 -0.094354 -0.041958 -0.007701 -0.061713 -0.037998 0.128943 -0.206894 0.010488
 -0.163903 0.001329 0.087599 0.139512 0.121856 0.138920 -0.101103 -0.102282 0.216858 -0.103924 -0.049902 0.003641 -0.020252 -0.052442 -0.163488 -0.036734 0.243259 -0.135021 -0.079784 -0.071744 0.050076 -0.127492 0.531223 -0.
276436 -0.016330 -0.022838 -0.258504 -0.072726 -0.334737 0.018190 -0.114093 -0.123368 0.145714 0.543561 -0.317607 -0.141681 0.052889 -0.032162 -0.286217 -0.011414 0.203999 0.102266 -0.053282 0.178453 -0.092713 -0.069019 0.05
0408 -0.148473 -0.028276 -0.033529 0.161148 0.195565 -0.051868 0.084241 0.041173 -0.184631 0.003356 0.237570 -0.053184 0.100479 0.068313 -0.027706 0.132607 0.286464 0.174630 -0.013589 0.047820 0.089064 -0.174705 0.098477 0.1
29065 -0.090978 0.039001 0.094830 -0.182712 -0.074635 0.098162 0.116304 0.121681 0.268384 -0.067680 0.229718 -0.464168 -0.135045 -0.067019 -0.060468 -0.184828 0.024391 -0.037554 -0.379707 -0.026219 -0.144712 0.204425 0.01063
2 -0.049948 0.073178 0.042825 0.207113 0.044325 0.157022 -0.143378 0.001821 -0.117546 -0.128796 -0.101392 -0.016964 -0.307921 0.092551 0.154787 0.033570 -0.193604 0.147926 0.215128 -0.093099 -0.201824 -0.144565 0.338530 -0.0
11843 0.002648 0.042291 0.233888 0.063555 -0.055935 0.062586 -0.166320 0.112125 0.135998 0.217746 -0.056093 -0.202112 -0.208940 -0.054761 -0.249611 -0.094553 -0.197753 0.270675 -0.095621 0.188495 -0.019545 -0.253865 -0.38484
7 -0.081131 0.196954 0.019871 0.038650 -0.163511 0.145889 0.037047 0.108822 -0.024487 0.078948 -0.126548 -0.093868 
迎来 0.074061 -0.051365 0.052919 0.118969 -0.109819 0.268662 0.269030 -0.085543 -0.106314 -0.164768 -0.240543 0.279140 0.033242 0.102251 0.217803 -0.096089 0.371797 0.057515 -0.064984 0.115849 -0.138540 0.353997 -0.186997 -0
.157429 -0.009552 0.140102 -0.348667 -0.164346 -0.335037 -0.237359 -0.022993 -0.082047 -0.238794 0.094625 0.025166 -0.127423 0.007356 -0.090769 -0.103137 0.099656 0.134950 0.038683 -0.412254 0.120895 0.038864 -0.041521 -0.41
5000 0.287186 0.234317 -0.029567 0.015571 -0.042960 0.061821 0.039044 -0.127477 -0.221326 -0.017562 -0.161093 -0.029360 -0.209249 0.292194 0.097934 0.456611 0.136760 -0.089069 -0.286697 0.067453 0.003722 0.250269 -0.102710 0
.172121 0.146088 0.365822 -0.067709 -0.041226 -0.142744 0.247284 -0.062748 0.084480 -0.004110 0.146611 -0.059471 0.176051 -0.122187 -0.029198 -0.229229 0.124584 -0.047615 -0.317398 -0.426842 0.061364 -0.094448 0.121631 -0.17
4880 0.073761 0.179488 -0.063535 -0.176054 -0.147297 0.058171 -0.237451 -0.077556 0.063573 0.113415 0.106723 0.232004 0.026557 0.040249 -0.247607 0.125778 -0.087907 0.021598 -0.122601 -0.106287 -0.063597 -0.302800 0.284238 -
0.341961 0.091693 -0.325763 0.245504 0.067286 0.068030 -0.315721 -0.085606 0.013861 0.027658 0.047856 0.305454 -0.130050 0.103222 -0.197965 -0.170825 -0.045917 -0.024777 -0.076844 0.299202 0.139860 -0.151395 0.028272 0.12137
7 0.109596 0.260414 -0.017929 0.019694 0.219735 0.199332 -0.117990 -0.070322 -0.109658 0.039164 0.061811 0.159429 0.385592 -0.190594 0.034063 -0.211463 0.216505 0.031622 -0.054589 -0.133514 0.016022 -0.117702 -0.485595 0.129
065 -0.259745 -0.040119 0.215341 -0.093943 0.061688 -0.200776 -0.211469 0.024913 -0.014962 0.044507 0.129953 -0.364909 -0.244363 0.272638 -0.004334 -0.070090 -0.084695 -0.029228 -0.250639 -0.109999 -0.281076 0.180371 0.20002
7 -0.060540 -0.006210 0.049620 0.108864 0.030929 0.073995 -0.007494 0.152959 0.290098 -0.079792 -0.003236 0.035782 
居 0.073933 0.159458 -0.520356 0.094195 0.256909 0.095234 -0.374272 -0.254703 0.017368 -0.153343 0.062183 0.635272 -0.186464 -0.055486 -0.147323 -0.262541 -0.021061 -0.523787 -0.078786 -0.170694 -0.271691 0.206425 -0.049563 
0.399666 -0.129415 -0.416547 0.153858 0.065149 0.642875 0.166539 0.276977 -0.109930 0.133080 -0.454793 -0.032867 0.148418 0.723863 -0.001971 -0.236621 0.280101 -0.329558 0.301829 0.221784 0.344830 -0.195990 -0.857879 -0.4162
55 0.132847 0.210642 -0.431848 -0.215789 0.437224 -0.184007 0.090704 -0.270436 -0.647207 0.669871 0.107789 0.343538 0.085474 -0.227563 0.043123 0.507285 -0.358297 0.300896 -0.519716 -0.132639 -0.059799 -0.049374 -0.001191 0.
097312 0.177568 0.223246 -0.152325 0.616053 0.438312 0.362462 0.100436 -0.367694 -0.274558 -0.165792 0.310550 -0.137301 -0.010470 -0.267097 -0.298950 -0.156790 0.165811 -0.349651 -0.616512 -0.075982 0.477199 0.234826 -0.1679
87 0.133219 0.030361 0.081336 -0.104783 -0.126224 -0.229738 -0.575140 -0.363751 0.613199 -0.345561 0.148256 -0.115501 0.134989 -0.655136 -0.682547 0.503060 0.031498 -0.030633 0.088102 -0.151448 0.156899 -0.748678 -0.652689 -
0.342429 0.542820 0.407998 0.341529 0.335970 0.275720 -0.324962 0.118766 0.053421 0.087535 0.171578 0.257655 -0.136818 0.424009 0.020842 0.153108 0.439273 0.301289 -0.422793 -0.370641 0.223935 0.616400 0.020827 -0.244624 -0.
259515 -0.319260 0.455442 0.270622 0.391300 -0.229464 -0.089541 0.032536 -0.315148 0.371623 0.281277 -0.208973 0.181931 -0.280455 -0.602868 0.202151 -0.167254 0.385002 -0.112742 0.188588 0.306716 0.329710 0.097257 -0.109670 
0.066446 -0.327535 0.232514 -0.018065 0.417332 -0.108199 0.004486 -0.268999 0.245371 -0.272946 -0.092128 0.175514 -0.066987 -0.353961 -0.374778 -0.196497 -0.061748 -0.300839 -0.406488 -0.145554 -0.153529 0.030773 -0.135196 -
0.077097 -0.087171 0.252370 0.451993 -0.669509 -0.349333 0.170670 -0.105005 -0.344277 0.244406 -0.025517 0.280132 
随后 0.271150 -0.020291 -0.112540 0.283403 -0.120438 0.185870 -0.321700 -0.141300 -0.165491 -0.078514 -0.109759 -0.037736 -0.225552 -0.110273 0.048963 0.035155 -0.115946 -0.113394 -0.065505 -0.066439 0.260544 -0.087563 -0.08
7199 0.317881 0.015553 -0.150911 0.021170 -0.018644 0.083122 -0.153639 0.076393 -0.058665 -0.094626 -0.098142 0.122078 -0.342379 -0.025101 0.013725 0.126234 0.183385 -0.155280 -0.030298 -0.176382 -0.182591 -0.150379 -0.00407
5 0.181173 0.028622 0.291521 0.075248 -0.129492 0.081560 0.112798 -0.140381 0.034784 0.362763 0.034897 -0.136005 0.039182 0.033849 0.126401 -0.026196 0.166432 0.030471 0.185956 0.028996 0.000950 -0.119292 0.017491 0.243188 0
.156370 -0.038494 -0.045419 0.085190 0.324567 -0.091719 -0.038803 -0.166945 0.231091 0.007960 0.062386 -0.163454 0.065039 -0.159445 -0.281277 -0.146264 -0.050665 0.026352 -0.169041 -0.403831 -0.105902 -0.109306 -0.177595 -0.
037702 0.025793 -0.148795 -0.153448 -0.273985 0.066003 -0.218511 -0.147583 0.233615 0.087641 -0.122423 -0.064074 0.223136 -0.146988 -0.066049 0.034849 -0.127938 -0.031828 0.341156 -0.142818 -0.204944 -0.014517 -0.031453 -0.2
24575 -0.078641 0.016539 0.028712 0.235487 0.340544 -0.146813 -0.261032 -0.004953 -0.093369 -0.120642 0.259367 -0.043758 -0.141333 -0.244507 -0.554582 -0.125354 -0.043109 0.006237 0.043870 -0.291255 -0.006629 0.379271 -0.145
033 -0.066931 -0.064097 0.233866 0.069690 -0.163980 0.094285 -0.049566 0.174711 -0.300871 -0.141627 -0.019602 0.105233 -0.032533 0.229350 0.134334 0.126007 -0.137040 -0.024127 -0.085985 0.090936 0.122138 -0.011273 0.020457 0
.053293 0.016022 0.431355 -0.107529 -0.197920 0.085107 -0.118343 -0.234003 -0.186159 -0.067266 0.164934 0.034247 -0.216642 -0.055358 -0.151547 0.216973 -0.083065 0.132822 -0.065960 0.187705 0.242425 -0.097839 -0.134643 0.099
758 -0.029416 0.025304 -0.012300 -0.183571 -0.117712 -0.184111 -0.024085 0.061123 -0.088127 -0.081796 -0.093966 -0.275540 0.022767